P0: 0 0 0 0 0 0 0 0 0 0 0 0
P1: 0 0 0 0 0 0 0 0 0 0 0 0
P2: 973.508500621594 0.0 234.39250564575195 0.0 0.0 973.508500621594 265.7997570037842 0.0 0.0 0.0 1.0 0.0
P3: 973.508500621594 0.0 234.39250564575195 -291.31499791073077 0.0 973.508500621594 265.7997570037842 0.0 0.0 0.0 1.0 0.0
R0_rect: 0.9971483732905142 0.016712936638150787 0.07359211501927734 -0.017128482188850744 0.9998406993343212 0.005019068893894452 -0.07349650836595992 -0.0062652776143274445 0.9972757941283985
Tr_velo_to_cam: 0.0011791067474549721 -0.9999732602806191 0.007217231534861368 0.13665588727286176 -0.00488923834063093 -0.007222915076280201 -0.9999619616996687 1.3737862567369516 0.9999873524478833 0.0011437751311049182 -0.0048976241916725005 -1.6132216033055031
Tr_imu_to_velo: 0 0 0 0 0 0 0 0 0 0 0 0
    